name: EDA_Project_env
channels:
  - conda-forge
  - defaults
dependencies:
  - asttokens=2.4.1=pyhd8ed1ab_0
  - blas=1.0=mkl
  - bottleneck=1.3.7=py312he558020_0
  - bzip2=1.0.8=h2bbff1b_6
  - ca-certificates=2024.6.2=h56e8100_0
  - colorama=0.4.6=pyhd8ed1ab_0
  - comm=0.2.2=pyhd8ed1ab_0
  - debugpy=1.6.7=py312hd77b12b_0
  - decorator=5.1.1=pyhd8ed1ab_0
  - exceptiongroup=1.2.0=pyhd8ed1ab_2
  - executing=2.0.1=pyhd8ed1ab_0
  - expat=2.6.2=hd77b12b_0
  - git=2.40.1=haa95532_1
  - greenlet=3.0.1=py312hd77b12b_0
  - importlib-metadata=7.1.0=pyha770c72_0
  - importlib_metadata=7.1.0=hd8ed1ab_0
  - intel-openmp=2023.1.0=h59b6b97_46320
  - ipykernel=6.29.4=pyh4bbf305_0
  - ipython=8.25.0=pyh7428d3b_0
  - jedi=0.19.1=pyhd8ed1ab_0
  - jupyter_client=8.6.2=pyhd8ed1ab_0
  - jupyter_core=5.5.0=py312haa95532_0
  - krb5=1.20.1=h5b6d351_0
  - libffi=3.4.4=hd77b12b_1
  - libpq=12.17=h906ac69_0
  - libsodium=1.0.18=h8d14728_1
  - matplotlib-inline=0.1.7=pyhd8ed1ab_0
  - mkl=2023.1.0=h6b88ed4_46358
  - mkl-service=2.4.0=py312h2bbff1b_1
  - mkl_fft=1.3.8=py312h2bbff1b_0
  - mkl_random=1.2.4=py312h59b6b97_0
  - nest-asyncio=1.6.0=pyhd8ed1ab_0
  - numexpr=2.8.7=py312h96b7d27_0
  - numpy=1.26.4=py312hfd52020_0
  - numpy-base=1.26.4=py312h4dde369_0
  - openssl=3.3.1=h2466b09_0
  - packaging=24.0=pyhd8ed1ab_0
  - pandas=2.2.1=py312h0158946_0
  - parso=0.8.4=pyhd8ed1ab_0
  - pickleshare=0.7.5=py_1003
  - pip=24.0=py312haa95532_0
  - platformdirs=4.2.2=pyhd8ed1ab_0
  - prompt-toolkit=3.0.46=pyha770c72_0
  - psutil=5.9.0=py312h2bbff1b_0
  - psycopg2=2.9.9=py312h2bbff1b_0
  - pure_eval=0.2.2=pyhd8ed1ab_0
  - pygments=2.18.0=pyhd8ed1ab_0
  - python=3.12.3=h1d929f7_1
  - python-dateutil=2.9.0post0=py312haa95532_2
  - python-tzdata=2023.3=pyhd3eb1b0_0
  - pytz=2024.1=py312haa95532_0
  - pywin32=305=py312h2bbff1b_0
  - pyzmq=25.1.2=py312hd77b12b_0
  - setuptools=69.5.1=py312haa95532_0
  - six=1.16.0=pyhd3eb1b0_1
  - sqlalchemy=2.0.25=py312h2bbff1b_0
  - sqlite=3.45.3=h2bbff1b_0
  - stack_data=0.6.2=pyhd8ed1ab_0
  - tbb=2021.8.0=h59b6b97_0
  - tk=8.6.14=h0416ee5_0
  - tornado=6.3.3=py312h2bbff1b_0
  - traitlets=5.14.3=pyhd8ed1ab_0
  - typing-extensions=4.11.0=py312haa95532_0
  - typing_extensions=4.11.0=py312haa95532_0
  - tzdata=2024a=h04d1e81_0
  - ucrt=10.0.22621.0=h57928b3_0
  - vc=14.2=h2eaa2aa_1
  - vc14_runtime=14.40.33810=ha82c5b3_20
  - vs2015_runtime=14.40.33810=h3bf8584_20
  - wcwidth=0.2.13=pyhd8ed1ab_0
  - wheel=0.43.0=py312haa95532_0
  - xz=5.4.6=h8cc25b3_1
  - zeromq=4.3.5=he0c23c2_3
  - zipp=3.19.2=pyhd8ed1ab_0
  - zlib=1.2.13=h8cc25b3_1
  - pip:
      - attrs==23.2.0
      - contourpy==1.2.1
      - cycler==0.12.1
      - fastjsonschema==2.20.0
      - fonttools==4.53.0
      - joblib==1.4.2
      - jsonschema==4.22.0
      - jsonschema-specifications==2023.12.1
      - kiwisolver==1.4.5
      - matplotlib==3.9.0
      - missingno==0.5.2
      - nbformat==5.10.4
      - patsy==0.5.6
      - pillow==10.3.0
      - plotly==5.22.0
      - pyparsing==3.1.2
      - pyyaml==6.0.1
      - referencing==0.35.1
      - rpds-py==0.18.1
      - scikit-learn==1.5.0
      - scipy==1.13.1
      - seaborn==0.13.2
      - statsmodels==0.14.2
      - tenacity==8.3.0
      - threadpoolctl==3.5.0
prefix: C:\Users\Chris\Miniconda3\envs\EDA_Project_env
